----------- Dataset -----------
valid_num: 20000
tar_true: 23568
tar_false: 50079
threshold_start: 0.0
threshold_end: 1
threshold: 0.9591836734693877, max accuracy: 0.7745189892324195
threshold: 0.9795918367346939, max precision: 1.0
----------- Dataset -----------
----------- Statistics -----------
yolo_loss_mean: 0.955886913257221
yolo_loss_std: 0.10058852443376018
----------- Statistics -----------
