----------- Dataset -----------
valid_num: 10000
tar_true: 34896
tar_false: 34135
threshold_start: 0.0
threshold_end: 1
threshold: 0.4897959183673469, max accuracy: 0.9347684373687184
threshold: 0.9795918367346939, max precision: 0.9881716523353922
----------- Dataset -----------
----------- Statistics -----------
model_loss_mean: 0.5508619491847103
model_loss_std: 0.04519572994908325
----------- Statistics -----------
