----------- Dataset -----------
valid_num: 10000
tar_true: 34896
tar_false: 34135
threshold_start: 0.5
threshold_end: 1
threshold: 0.5, max accuracy: 0.9346815198968579
threshold: 0.9897959183673469, max precision: 0.9908888062476757
----------- Dataset -----------
----------- Statistics -----------
model_loss_mean: 0.17468113342347816
model_loss_std: 2.7755575615628914e-17
----------- Statistics -----------
