----------- Dataset -----------
valid_num: 10000
tar_true: 34949
tar_false: 34191
threshold_start: 0.0
threshold_end: 1
threshold: 0.9591836734693877, max accuracy: 0.66293028637547
threshold: 0.9591836734693877, max precision: 0.6679067889484916
----------- Dataset -----------
----------- Statistics -----------
yolo_loss_mean: 0.8011893704803286
yolo_loss_std: 0.025691712434786282
----------- Statistics -----------
