----------- Dataset -----------
valid_num: 10000
tar_true: 5495
tar_false: 29348
threshold_start: 0.0
threshold_end: 1
threshold: 0.5306122448979591, max accuracy: 0.939327842034268
threshold: 0.9795918367346939, max precision: 0.9778393351800554
----------- Dataset -----------
----------- Statistics -----------
model_loss_mean: 0.6837919456442146
model_loss_std: 0.07105346568733739
----------- Statistics -----------
