----------- Dataset -----------
valid_num: 10000
tar_true: 7776
tar_false: 27147
threshold_start: 0.0
threshold_end: 1
threshold: 0.5306122448979591, max accuracy: 0.9254359591100421
threshold: 0.9795918367346939, max precision: 0.9814696485623003
----------- Dataset -----------
----------- Statistics -----------
model_loss_mean: 0.6673431964295403
model_loss_std: 0.06563284827418504
----------- Statistics -----------
