----------- Dataset -----------
valid_num: 10000
tar_true: 7789
tar_false: 27195
threshold_start: 0.0
threshold_end: 1
threshold: 0.9795918367346939, max accuracy: 0.7773553624514064
threshold: 0.9591836734693877, max precision: 0.46023038946791006
----------- Dataset -----------
----------- Statistics -----------
yolo_loss_mean: 1.043707605652227
yolo_loss_std: 0.1347655693748051
----------- Statistics -----------
